$ 1 0.000005 10.20027730826997 50 5 43 5e-11
r 288 288 480 288 0 1000
w 288 288 240 288 0
d 480 288 544 368 2 default
d 432 384 480 288 2 default
d 544 368 496 448 2 default
d 432 384 496 448 2 default
w 496 448 240 448 0
w 432 384 432 528 0
w 544 368 640 368 0
w 432 528 640 528 0
w 640 368 736 368 0
T 736 368 816 432 0 4 1 1.7544858560359356e-7 1.7143238388646742e-7 0.999
w 736 432 736 464 0
f 704 480 736 480 32 1.5 0.02
w 736 496 736 528 0
w 640 528 736 528 0
d 816 368 960 368 2 default
209 960 368 960 432 0 0.00001 0.5214716859510007 0.001 1
w 816 432 960 432 0
209 640 368 640 528 0 0.00001 0.375502120289104 0.001 1
w 960 368 1056 368 0
w 960 432 1056 432 0
v 240 448 240 288 0 1 50 220 0 0 0.5
o 22 64 0 4099 320 0.4 0 2 22 3
o 20 64 0 4099 1280 0.00009765625 1 2 20 3
o 13 64 0 4099 1280 0.00078125 2 2 13 3
